0 -9999.000000 
1 1497.739386
2 1492.154018
3 1495.907522
4 1497.505453
5 1495.828056
6 1497.416623
7 1497.657029
8 1495.777593
9 1496.794105
10 1497.604809
11 1497.233979
12 1496.155946
13 1499.454380
14 1497.799704
15 1498.422209
16 1496.594238
17 1497.012303
18 1497.101101
19 1493.731702
20 1496.576030
21 1495.732023
22 1496.748406
23 1496.604738
24 1496.413626
25 1496.447522
26 1497.873878
27 1498.440544
28 1497.060908
29 1501.543564
30 1495.901769
31 -9999.000000 
32 1496.492221
33 1495.623584
34 1496.295908
35 -9999.000000 
36 -9999.000000 
37 1495.781315
38 1497.418291
39 1495.594343
40 -9999.000000 
41 -9999.000000 
42 1493.107701
43 1497.377209
44 1497.279801
45 -9999.000000 
46 -9999.000000 
47 -9999.000000 
48 1496.191463
49 1498.776093
50 1495.273154
51 1498.414845
52 -9999.000000 
53 -9999.000000 
54 1499.529268
55 1498.401402
56 1497.279704
57 1497.548482
58 -9999.000000 
59 -9999.000000 
60 -9999.000000 
61 1495.623505
62 1495.490190
63 1499.404577
64 1495.267187
65 -9999.000000 
66 -9999.000000 
67 -9999.000000 
68 1499.260215
69 1498.425129
70 1497.778339
71 1497.522293
72 -9999.000000 
73 -9999.000000 
74 -9999.000000 
75 1496.111877
76 1497.543117
77 1496.458520
78 1497.397758
79 -9999.000000 
80 -9999.000000 
81 -9999.000000 
82 1497.528572
83 1496.584371
84 1498.714750
85 1497.546673
86 -9999.000000 
87 -9999.000000 
88 -9999.000000 
89 1494.202514
90 1497.190738
91 1497.974586
92 1497.163514
93 -9999.000000 
94 -9999.000000 
95 1498.196183
96 1497.645140
97 1497.747327
98 1497.658960
99 1496.487545
100 1496.639885
101 1497.299600
102 1498.544203
103 1495.907222
104 1497.603018
105 1497.563233
106 1497.704875
107 1497.103004
108 1497.411907
109 1496.968322
110 1496.396191
111 1496.635687
112 1497.236458
113 1498.947207
114 1498.085922
115 1497.769026
116 1497.825331
117 1497.433519
118 1498.570235
119 1499.254882
120 1497.541917
121 1498.545789
122 1499.527349
123 -9999.000000 
124 1436.423468
125 1435.577945
126 1436.392376
127 1434.293327
128 -9999.000000 
129 -9999.000000 
130 -9999.000000 
131 -9999.000000 
132 -9999.000000 
133 -9999.000000 
134 -9999.000000 
135 -9999.000000 
136 -9999.000000 
137 -9999.000000 
138 -9999.000000 
139 -9999.000000 
140 -9999.000000 
141 -9999.000000 
142 1434.632982
143 1434.377148
144 1434.550003
145 1435.213740
146 -9999.000000 
147 -9999.000000 
148 -9999.000000 
149 -9999.000000 
150 -9999.000000 
151 -9999.000000 
152 -9999.000000 
153 -9999.000000 
154 -9999.000000 
155 -9999.000000 
156 -9999.000000 
157 -9999.000000 
158 -9999.000000 
159 -9999.000000 
