1 45.219684 0.268452
2 45.174341 0.273078
3 35.196250 2.077688
4 36.002320 1.867034
5 36.875729 1.704978
6 48.107713 0.303038
7 48.315956 0.308892
8 48.421481 0.303157
9 49.507218 0.311164
10 49.542849 0.312065
11 49.549141 0.321282
12 49.565757 0.318056
13 49.609860 0.316643
14 49.700594 0.346558
15 49.695949 0.332770
16 49.733910 0.333758
17 49.768497 0.328024
18 49.831846 0.328380
19 49.951500 0.326994
20 49.984941 0.345822
21 49.990666 0.328505
22 50.055726 0.326773
23 50.133160 0.326115
24 0.000000 0.000000
25 50.219642 0.329517
26 50.339862 0.330515
27 50.378453 0.324803
28 50.445252 0.321930
29 50.504530 0.321725
30 50.561951 0.322936
31 50.624170 0.321170
32 50.983959 0.409194
33 50.911686 0.331487
34 50.967348 0.321710
35 51.002059 0.320468
36 51.105619 0.320800
37 51.173040 0.318109
38 51.237750 0.315075
39 51.269235 0.321171
40 51.274844 0.302041
41 51.343970 0.313452
42 51.476403 0.314713
43 51.409246 0.320223
44 51.473692 0.316411
45 51.537749 0.316220
46 51.607162 0.314164
47 51.657560 0.316308
48 51.711997 0.311910
49 51.767526 0.314479
50 51.806831 0.315653
51 51.838219 0.309016
52 51.864664 0.312374
53 51.907692 0.312142
54 51.915334 0.315002
55 51.955934 0.313528
56 51.988559 0.314303
57 52.014402 0.311300
58 52.051628 0.312531
59 52.078783 0.324244
60 52.105838 0.313928
61 52.144634 0.314492
62 52.195682 0.313714
63 52.258262 0.310548
64 0.000000 0.000000
65 0.000000 0.000000
66 0.000000 0.000000
67 0.000000 0.000000
68 0.000000 0.000000
69 0.000000 0.000000
70 0.000000 0.000000
71 0.000000 0.000000
72 0.000000 0.000000
73 0.000000 0.000000
74 0.000000 0.000000
75 0.000000 0.000000
76 0.000000 0.000000
77 0.000000 0.000000
78 0.000000 0.000000
79 0.000000 0.000000
80 0.000000 0.000000
81 0.000000 0.000000
82 0.000000 0.000000
83 0.000000 0.000000
84 0.000000 0.000000
85 0.000000 0.000000
86 0.000000 0.000000
87 0.000000 0.000000
88 0.000000 0.000000
89 0.000000 0.000000
90 0.000000 0.000000
91 0.000000 0.000000
92 0.000000 0.000000
93 0.000000 0.000000
94 0.000000 0.000000
95 0.000000 0.000000
96 0.000000 0.000000
97 0.000000 0.000000
98 0.000000 0.000000
99 0.000000 0.000000
100 0.000000 0.000000
101 52.735491 0.334245
102 52.775892 0.336744
103 52.787841 0.322600
104 66.957147 0.008366
105 60.543577 1.139628
106 56.768418 0.546702
107 54.409048 0.454855
108 53.981534 0.341192
109 53.876426 0.327920
110 53.867089 0.325429
111 53.868122 0.318062
112 53.900012 0.310756
113 53.923575 0.311122
114 53.900741 0.311136
115 53.922030 0.306657
116 53.924194 0.307088
117 53.927585 0.306395
118 53.941780 0.307011
119 53.957681 0.302613
120 53.963467 0.304743
121 53.964980 0.302085
122 53.977916 0.302480
123 53.982333 0.299558
124 53.979293 0.299471
125 53.971076 0.304206
126 53.962302 0.301143
127 53.963567 0.300980
128 53.968018 0.298777
129 53.972574 0.301441
130 53.989861 0.299248
131 53.996675 0.301540
132 53.998752 0.296831
133 54.016165 0.297644
134 54.036011 0.298291
135 54.056997 0.298955
136 54.088927 0.296905
137 54.122573 0.296870
138 54.157211 0.299079
139 67.424194 2.553944
140 56.209342 1.186653
141 54.456610 0.332907
142 54.363065 0.312034
143 54.326015 0.310193
144 54.335448 0.304418
145 54.354756 0.302238
146 54.380879 0.295360
147 54.396569 0.299162
148 54.431953 0.300233
149 54.466686 0.302296
150 54.505070 0.302418
151 54.520535 0.305192
