9 2.640000 0.002000 
10 2.640000 0.002000 
11 2.640000 0.002000 
12 2.640000 0.002000 
13 2.640000 0.002000 
14 2.640000 0.002000 
15 2.640000 0.002000 
16 2.640000 0.002000 
17 2.640000 0.002000 
18 2.640000 0.002000 
19 2.640000 0.002000 
20 2.640000 0.002000 
21 2.640000 0.002000 
22 2.640000 0.002000 
23 2.640000 0.002000 
24 2.640000 0.002000 
25 2.640000 0.002000 
26 2.640000 0.002000 
27 2.640000 0.002000 
28 2.640000 0.002000 
29 2.640000 0.002000 
30 2.640000 0.002000 
31 2.640000 0.002000 
32 2.640000 0.002000 
33 2.640000 0.002000 
34 2.640000 0.002000 
35 2.640000 0.002000 
36 2.640000 0.002000 
37 2.640000 0.002000 
38 2.640000 0.002000 
39 2.640000 0.002000 
40 2.640000 0.002000 
41 2.640000 0.002000 
42 2.640000 0.002000 
43 2.640000 0.002000 
44 2.640000 0.002000 
45 2.640000 0.002000 
46 2.640000 0.002000 
47 2.640000 0.002000 
48 2.640000 0.002000 
49 2.640000 0.002000 
50 2.640000 0.002000 
51 2.640000 0.002000 
52 2.640000 0.002000 
53 2.640000 0.002000 
54 2.640000 0.002000 
55 2.640000 0.002000 
56 2.640000 0.002000 
57 2.640000 0.002000 
58 2.640000 0.002000 
59 2.640000 0.002000 
