1 50.008348 0.238463
2 49.992378 0.238678
3 50.060434 0.274402
4 50.077461 0.274600
5 50.092028 0.275705
6 49.898501 0.293095
7 49.789230 0.299932
8 49.866242 0.294473
9 49.925374 0.309868
10 49.870550 0.311336
11 49.983260 0.319412
12 49.999606 0.316451
13 49.987463 0.315006
14 49.791317 0.345640
15 50.009661 0.330770
16 50.022731 0.332659
17 49.990432 0.326440
18 50.040049 0.327108
19 49.980932 0.325839
20 49.797445 0.345842
21 50.034598 0.328366
22 50.032259 0.326110
23 50.047065 0.326116
24 0.000000 0.000000
25 49.972384 0.330048
26 49.858073 0.332093
27 49.993754 0.325933
28 50.041050 0.322986
29 50.015213 0.323824
30 50.061244 0.324552
31 50.013145 0.323044
32 49.545874 0.416424
33 49.997878 0.334776
34 50.023217 0.325006
35 50.004855 0.321983
36 50.026018 0.324816
37 50.020530 0.322298
38 50.033606 0.319608
39 50.006824 0.326453
40 50.065555 0.292403
41 50.006714 0.316712
42 49.976024 0.322344
43 49.995122 0.325249
44 50.042661 0.321823
45 50.047737 0.321723
46 50.023645 0.320007
47 50.071244 0.322376
48 49.973953 0.317826
49 50.022880 0.320807
50 50.049754 0.321921
51 50.009238 0.315980
52 50.017085 0.318247
53 50.008975 0.320178
54 50.016019 0.321982
55 50.020688 0.320493
56 50.032074 0.321502
57 50.033883 0.319070
58 50.008135 0.319892
59 49.945467 0.332424
60 49.997539 0.322123
61 50.023059 0.321696
62 50.011957 0.321808
63 50.009376 0.318935
64 0.000000 0.000000
65 0.000000 0.000000
66 0.000000 0.000000
67 0.000000 0.000000
68 0.000000 0.000000
69 0.000000 0.000000
70 0.000000 0.000000
71 0.000000 0.000000
72 0.000000 0.000000
73 0.000000 0.000000
74 0.000000 0.000000
75 0.000000 0.000000
76 0.000000 0.000000
77 0.000000 0.000000
78 0.000000 0.000000
79 0.000000 0.000000
80 0.000000 0.000000
81 0.000000 0.000000
82 0.000000 0.000000
83 0.000000 0.000000
84 0.000000 0.000000
85 0.000000 0.000000
86 0.000000 0.000000
87 0.000000 0.000000
88 0.000000 0.000000
89 0.000000 0.000000
90 0.000000 0.000000
91 0.000000 0.000000
92 0.000000 0.000000
93 0.000000 0.000000
94 0.000000 0.000000
95 0.000000 0.000000
96 0.000000 0.000000
97 0.000000 0.000000
98 0.000000 0.000000
99 0.000000 0.000000
100 0.000000 0.000000
101 49.990945 0.349491
102 49.897284 0.352015
103 50.012289 0.337502
104 50.040205 0.257160
105 49.971523 0.258768
106 50.025649 0.255128
107 49.422913 0.515871
108 49.825657 0.370371
109 49.970008 0.350011
110 49.986288 0.347514
111 50.002803 0.338648
112 50.017493 0.331542
113 50.002129 0.332219
114 49.979225 0.331600
115 50.004966 0.326890
116 49.990823 0.327432
117 49.971546 0.327149
118 50.011405 0.327828
119 49.980505 0.323454
120 49.987380 0.326053
121 49.987432 0.322311
122 49.998142 0.322963
123 50.001290 0.320225
124 50.001722 0.319504
125 50.001577 0.325243
126 49.980343 0.321594
127 49.991963 0.321534
128 49.989496 0.318575
129 49.992505 0.321618
130 49.998444 0.319817
131 49.986544 0.322168
132 49.994612 0.317760
133 49.987473 0.318180
134 50.005021 0.319684
135 49.986326 0.319730
136 50.012286 0.318312
137 49.992927 0.319213
138 49.990644 0.320578
139 49.936852 0.349451
140 49.854898 0.386346
141 49.910718 0.370893
142 49.908722 0.345804
143 49.988433 0.337779
144 49.975412 0.328488
145 49.965783 0.325809
146 49.997119 0.308879
147 49.992169 0.321484
148 49.997647 0.315814
149 49.990272 0.320407
150 49.995438 0.317720
151 50.002713 0.317639
