1 2.639986 0.001916
2 2.640045 0.001922
3 2.636425 0.002158
4 2.636634 0.002144
5 2.636398 0.002155
6 2.635947 0.002173
7 2.636067 0.002160
8 2.636131 0.002170
9 2.640016 0.002228
10 2.640111 0.002288
11 2.640068 0.002268
12 2.639830 0.002279
13 2.639925 0.002256
14 2.640037 0.002428
15 2.639936 0.002294
16 2.639977 0.002267
17 2.640141 0.002264
18 2.640043 0.002260
19 2.639963 0.002317
20 2.640194 0.002402
21 2.640042 0.002240
22 2.640016 0.002260
23 2.640119 0.002254
24 0.000000 0.000000
25 2.639873 0.002286
26 2.640023 0.002343
27 2.640047 0.002290
28 2.640095 0.002285
29 2.640037 0.002298
30 2.640025 0.002260
31 2.640103 0.002293
32 2.640193 0.002707
33 2.640318 0.002297
34 2.640482 0.002297
35 2.640469 0.002337
36 2.640410 0.002309
37 2.640417 0.002326
38 2.640416 0.002313
39 2.640485 0.002311
40 2.640492 0.001996
41 2.640435 0.002343
42 2.640297 0.002300
43 2.640321 0.002322
44 2.640465 0.002325
45 2.640430 0.002315
46 2.640574 0.002337
47 2.640480 0.002320
48 2.640334 0.002361
49 2.640437 0.002352
50 2.640394 0.002336
51 2.640427 0.002339
52 2.640398 0.002369
53 2.640264 0.002374
54 2.640277 0.002370
55 2.640277 0.002372
56 2.640055 0.002355
57 2.640226 0.002394
58 2.640363 0.002385
59 2.639852 0.002441
60 2.640208 0.002408
61 2.640200 0.002407
62 2.640229 0.002411
63 2.640528 0.002412
64 0.000000 0.000000
65 0.000000 0.000000
66 0.000000 0.000000
67 0.000000 0.000000
68 0.000000 0.000000
69 0.000000 0.000000
70 0.000000 0.000000
71 0.000000 0.000000
72 0.000000 0.000000
73 0.000000 0.000000
74 0.000000 0.000000
75 0.000000 0.000000
76 0.000000 0.000000
77 0.000000 0.000000
78 0.000000 0.000000
79 0.000000 0.000000
80 0.000000 0.000000
81 0.000000 0.000000
82 0.000000 0.000000
83 0.000000 0.000000
84 0.000000 0.000000
85 0.000000 0.000000
86 0.000000 0.000000
87 0.000000 0.000000
88 0.000000 0.000000
89 0.000000 0.000000
90 0.000000 0.000000
91 0.000000 0.000000
92 0.000000 0.000000
93 0.000000 0.000000
94 0.000000 0.000000
95 0.000000 0.000000
96 0.000000 0.000000
97 0.000000 0.000000
98 0.000000 0.000000
99 0.000000 0.000000
100 0.000000 0.000000
101 2.559697 0.003038
102 2.559735 0.003076
103 2.559640 0.003038
104 2.559771 0.003044
105 2.559008 0.003024
106 2.559613 0.002972
107 2.560116 0.003260
108 2.559596 0.003010
109 2.559576 0.002964
110 2.559718 0.002967
111 2.559702 0.002950
112 2.559823 0.002956
113 2.559772 0.002953
114 2.559835 0.002954
115 2.559798 0.002943
116 2.559853 0.002923
117 2.559945 0.002939
118 2.559847 0.002938
119 2.559794 0.002923
120 2.559760 0.002914
121 2.559787 0.002901
122 2.559845 0.002911
123 2.559795 0.002870
124 2.559866 0.002887
125 2.559808 0.002870
126 2.559973 0.002886
127 2.559898 0.002875
128 2.559887 0.002856
129 2.559935 0.002852
130 2.559971 0.002847
131 2.559976 0.002842
132 2.559921 0.002819
133 2.559969 0.002832
134 2.559802 0.002812
135 2.559892 0.002828
136 2.559844 0.002808
137 2.559931 0.002804
138 2.559952 0.002841
139 2.560099 0.002711
140 2.559916 0.002830
141 2.559847 0.002788
142 2.559922 0.002803
143 2.559966 0.002831
144 2.559954 0.002793
145 2.560071 0.002775
146 2.559998 0.002716
147 2.559960 0.002791
148 2.559971 0.002770
149 2.559987 0.002804
150 2.559992 0.002795
151 2.560037 0.002778
