1 2.640296 0.001905
2 2.640354 0.001908
3 2.636618 0.002048
4 2.636836 0.002038
5 2.636603 0.002045
6 2.636188 0.002065
7 2.636364 0.002057
8 2.636457 0.002068
9 2.641438 0.002180
10 2.641489 0.002208
11 2.641473 0.002227
12 2.641229 0.002217
13 2.641306 0.002228
14 2.641298 0.002357
15 2.641319 0.002261
16 2.641352 0.002250
17 2.641505 0.002264
18 2.641427 0.002262
19 2.641317 0.002299
20 2.641444 0.002367
21 2.641423 0.002259
22 2.641379 0.002272
23 2.641489 0.002263
24 0.000000 0.000000
25 2.641205 0.002312
26 2.641300 0.002352
27 2.641383 0.002300
28 2.641447 0.002321
29 2.641398 0.002340
30 2.641402 0.002302
31 2.641452 0.002345
32 2.641181 0.002556
33 2.641601 0.002299
34 2.641749 0.002302
35 2.641715 0.002292
36 2.641660 0.002330
37 2.641677 0.002338
38 2.641672 0.002314
39 2.641754 0.002303
40 2.641731 0.002029
41 2.641689 0.002374
42 2.641552 0.002386
43 2.641561 0.002353
44 2.641729 0.002349
45 2.641704 0.002342
46 2.641819 0.002376
47 2.641756 0.002383
48 2.641559 0.002414
49 2.641680 0.002410
50 2.641650 0.002397
51 2.641652 0.002401
52 2.641637 0.002426
53 2.641524 0.002443
54 2.641513 0.002432
55 2.641535 0.002439
56 2.641316 0.002448
57 2.641498 0.002471
58 2.641603 0.002487
59 2.641078 0.002514
60 2.641467 0.002501
61 2.641477 0.002503
62 2.641496 0.002504
63 2.641778 0.002517
64 0.000000 0.000000
65 0.000000 0.000000
66 0.000000 0.000000
67 0.000000 0.000000
68 0.000000 0.000000
69 0.000000 0.000000
70 0.000000 0.000000
71 0.000000 0.000000
72 0.000000 0.000000
73 0.000000 0.000000
74 0.000000 0.000000
75 0.000000 0.000000
76 0.000000 0.000000
77 0.000000 0.000000
78 0.000000 0.000000
79 0.000000 0.000000
80 0.000000 0.000000
81 0.000000 0.000000
82 0.000000 0.000000
83 0.000000 0.000000
84 0.000000 0.000000
85 0.000000 0.000000
86 0.000000 0.000000
87 0.000000 0.000000
88 0.000000 0.000000
89 0.000000 0.000000
90 0.000000 0.000000
91 0.000000 0.000000
92 0.000000 0.000000
93 0.000000 0.000000
94 0.000000 0.000000
95 0.000000 0.000000
96 0.000000 0.000000
97 0.000000 0.000000
98 0.000000 0.000000
99 0.000000 0.000000
100 0.000000 0.000000
101 2.561217 0.002332
102 2.561157 0.002352
103 2.561127 0.002340
104 2.560897 0.002255
105 2.560980 0.002215
106 2.560944 0.002245
107 2.561085 0.002465
108 2.561301 0.002317
109 2.561260 0.002277
110 2.561339 0.002277
111 2.561288 0.002271
112 2.561395 0.002274
113 2.561329 0.002253
114 2.561379 0.002258
115 2.561349 0.002250
116 2.561397 0.002253
117 2.561478 0.002239
118 2.561395 0.002260
119 2.561354 0.002243
120 2.561345 0.002225
121 2.561345 0.002214
122 2.561394 0.002234
123 2.561393 0.002216
124 2.561424 0.002236
125 2.561377 0.002209
126 2.561519 0.002217
127 2.561466 0.002224
128 2.561495 0.002214
129 2.561503 0.002206
130 2.561569 0.002213
131 2.561591 0.002212
132 2.561520 0.002201
133 2.561572 0.002212
134 2.561425 0.002201
135 2.561505 0.002195
136 2.561473 0.002211
137 2.561551 0.002204
138 2.561559 0.002207
139 2.561694 0.002156
140 2.561568 0.002198
141 2.561548 0.002198
142 2.561587 0.002222
143 2.561615 0.002211
144 2.561606 0.002212
145 2.561723 0.002203
146 2.561700 0.002146
147 2.561585 0.002225
148 2.561606 0.002205
149 2.561619 0.002220
150 2.561658 0.002228
151 2.561689 0.002234
