1 2.639108 0.003611
2 2.639152 0.003639
3 2.635366 0.003574
4 2.635566 0.003573
5 2.635408 0.003544
6 2.635092 0.003629
7 2.635290 0.003717
8 2.635459 0.003698
9 2.705978 0.042499
10 2.800543 0.058656
11 2.654398 0.025499
12 2.662435 0.025393
13 2.717469 0.058156
14 2.725831 0.059639
15 2.645780 0.027100
16 2.660293 0.029149
17 2.647868 0.018561
18 2.649001 0.022328
19 2.700919 0.058154
20 2.732087 0.058518
21 2.696866 0.057616
22 2.654327 0.023900
23 2.651984 0.021761
24 0.000000 0.000000
25 2.731516 0.057447
26 2.742399 0.059358
27 2.739818 0.058362
28 2.660224 0.028958
29 2.718802 0.058506
30 2.736893 0.057188
31 2.738455 0.057518
32 2.724595 0.058188
33 2.648067 0.019267
34 2.644319 0.012762
35 2.644915 0.034916
36 2.646957 0.015557
37 2.652666 0.020893
38 2.649996 0.018894
39 2.654647 0.019138
40 2.640098 0.009414
41 2.653248 0.017127
42 2.711496 0.053320
43 2.651399 0.022357
44 2.644915 0.014139
45 2.646206 0.014615
46 2.660372 0.026421
47 2.650719 0.019317
48 2.739866 0.056449
49 2.745803 0.057236
50 2.649641 0.017117
51 2.733917 0.057519
52 2.647243 0.016106
53 2.739380 0.057547
54 2.745204 0.057037
55 2.676816 0.033073
56 2.697686 0.039820
57 2.742470 0.057082
58 2.750549 0.056953
59 2.792849 0.057969
60 2.751609 0.057659
61 2.759943 0.057425
62 2.755336 0.057424
63 2.739911 0.057874
64 0.000000 0.000000
65 0.000000 0.000000
66 0.000000 0.000000
67 0.000000 0.000000
68 0.000000 0.000000
69 0.000000 0.000000
70 0.000000 0.000000
71 0.000000 0.000000
72 0.000000 0.000000
73 0.000000 0.000000
74 0.000000 0.000000
75 0.000000 0.000000
76 0.000000 0.000000
77 0.000000 0.000000
78 0.000000 0.000000
79 0.000000 0.000000
80 0.000000 0.000000
81 0.000000 0.000000
82 0.000000 0.000000
83 0.000000 0.000000
84 0.000000 0.000000
85 0.000000 0.000000
86 0.000000 0.000000
87 0.000000 0.000000
88 0.000000 0.000000
89 0.000000 0.000000
90 0.000000 0.000000
91 0.000000 0.000000
92 0.000000 0.000000
93 0.000000 0.000000
94 0.000000 0.000000
95 0.000000 0.000000
96 0.000000 0.000000
97 0.000000 0.000000
98 0.000000 0.000000
99 0.000000 0.000000
100 0.000000 0.000000
101 2.559985 0.004696
102 2.559907 0.004698
103 2.559934 0.004713
104 2.559104 0.004687
105 2.559079 0.004486
106 2.559454 0.004488
107 2.559489 0.004911
108 2.560120 0.004637
109 2.560069 0.004641
110 2.560187 0.004660
111 2.560142 0.004706
112 2.560247 0.004722
113 2.560157 0.004659
114 2.560244 0.004694
115 2.560216 0.004666
116 2.560304 0.004703
117 2.560371 0.004698
118 2.560286 0.004721
119 2.560247 0.004699
120 2.560234 0.004759
121 2.560190 0.004726
122 2.560226 0.004725
123 2.560279 0.004746
124 2.560309 0.004755
125 2.560272 0.004719
126 2.560422 0.004790
127 2.560336 0.004752
128 2.560373 0.004755
129 2.560363 0.004766
130 2.560448 0.004755
131 2.560418 0.004768
132 2.560380 0.004771
133 2.560411 0.004764
134 2.560295 0.004771
135 2.560308 0.004778
136 2.560356 0.004798
137 2.560390 0.004796
138 2.560372 0.004764
139 2.560417 0.004751
140 2.560354 0.004806
141 2.560381 0.004756
142 2.560411 0.004795
143 2.560461 0.004671
144 2.560442 0.004816
145 2.560526 0.004788
146 2.560490 0.004769
147 2.560411 0.004867
148 2.560399 0.004820
149 2.560399 0.004817
150 2.560478 0.004860
151 2.560480 0.004845
