1 2.640010 0.001272
2 2.640006 0.001265
3 2.639999 0.001263
4 2.639994 0.001272
5 2.640087 0.001284
6 2.640401 0.001163
7 2.640202 0.001309
8 2.640259 0.001316
9 2.638398 0.002089
10 2.638435 0.002100
11 2.638504 0.002110
12 2.638482 0.002113
13 2.638502 0.002108
14 2.638523 0.002129
15 2.638577 0.002118
16 2.638607 0.002134
17 2.638648 0.002155
18 2.638679 0.002147
19 2.638761 0.002143
20 2.638736 0.002166
21 2.638856 0.002175
22 2.638916 0.002192
23 2.638962 0.002208
24 0.000000 0.000000
25 2.639111 0.002245
26 2.639142 0.002275
27 2.639213 0.002287
28 2.639295 0.002310
29 2.639341 0.002336
30 2.639420 0.002358
31 2.639445 0.002374
32 2.640183 0.002334
33 2.640380 0.002326
34 2.640472 0.002350
35 2.640475 0.002349
36 2.640635 0.002421
37 2.640746 0.002448
38 2.640796 0.002494
39 2.640840 0.002484
40 2.640761 0.002493
41 2.640794 0.002536
42 2.640784 0.002531
43 2.640892 0.002572
44 2.640993 0.002590
45 2.641032 0.002638
46 2.641137 0.002647
47 2.641159 0.002680
48 2.641182 0.002721
49 2.641282 0.002749
50 2.641253 0.002792
51 2.641299 0.002824
52 2.641324 0.002832
53 2.641571 0.002276
54 2.641613 0.002307
55 2.641661 0.002343
56 2.641734 0.002383
57 2.641750 0.002407
58 2.641813 0.002428
59 2.641832 0.002471
60 2.641911 0.002502
61 2.641996 0.002545
62 2.642080 0.002598
63 2.642175 0.002652
64 0.000000 0.000000
65 0.000000 0.000000
66 0.000000 0.000000
67 0.000000 0.000000
68 0.000000 0.000000
69 0.000000 0.000000
70 0.000000 0.000000
71 0.000000 0.000000
72 0.000000 0.000000
73 0.000000 0.000000
74 0.000000 0.000000
75 0.000000 0.000000
76 0.000000 0.000000
77 0.000000 0.000000
78 0.000000 0.000000
79 0.000000 0.000000
80 0.000000 0.000000
81 0.000000 0.000000
82 0.000000 0.000000
83 0.000000 0.000000
84 0.000000 0.000000
85 0.000000 0.000000
86 0.000000 0.000000
87 0.000000 0.000000
88 0.000000 0.000000
89 0.000000 0.000000
90 0.000000 0.000000
91 0.000000 0.000000
92 0.000000 0.000000
93 0.000000 0.000000
94 0.000000 0.000000
95 0.000000 0.000000
96 0.000000 0.000000
97 0.000000 0.000000
98 0.000000 0.000000
99 0.000000 0.000000
100 0.000000 0.000000
101 2.560259 0.002281
102 2.560446 0.002332
103 2.560475 0.002380
104 2.560183 0.002227
105 2.560099 0.002209
106 2.560474 0.002239
107 2.560158 0.002346
108 2.560390 0.002299
109 2.560431 0.002351
110 2.560449 0.002388
111 2.560444 0.002423
112 2.560488 0.002445
113 2.560548 0.002491
114 2.560548 0.002522
115 2.560583 0.002557
116 2.560589 0.002586
117 2.560606 0.002645
118 2.560648 0.002647
119 2.560676 0.002704
120 2.560640 0.002744
121 2.560720 0.002792
122 2.560754 0.002841
123 2.560770 0.002861
124 2.560816 0.002900
125 2.560800 0.002976
126 2.560823 0.003000
127 2.560830 0.003058
128 2.560847 0.003078
129 2.560927 0.003127
130 2.560941 0.003187
131 2.560996 0.003233
132 2.561011 0.003291
133 2.561068 0.003346
134 2.561117 0.003430
135 2.561187 0.003508
136 2.561291 0.003586
137 2.561323 0.003656
138 2.561359 0.003721
139 2.561520 0.003710
140 2.561425 0.003679
141 2.561438 0.003694
142 2.561398 0.003764
143 2.561478 0.003793
144 2.561509 0.003844
145 2.561526 0.003905
146 2.561721 0.003831
147 2.561583 0.003998
148 2.561633 0.004065
149 2.561644 0.004129
150 2.561669 0.004249
151 2.561703 0.004312
152 0.000000 0.000000
