1 49.253603 0.232260
2 49.253240 0.232522
3 49.235297 0.244603
4 49.252149 0.243963
5 49.243502 0.244243
6 49.240568 0.245321
7 49.237575 0.245433
8 49.234978 0.244931
9 49.265335 0.242696
10 49.264986 0.243635
11 49.267668 0.242877
12 49.268175 0.241600
13 49.265479 0.242576
14 49.272717 0.244330
15 49.266945 0.247363
16 49.267056 0.243356
17 49.267343 0.244012
18 49.269812 0.242069
19 49.273131 0.244168
20 49.275222 0.243337
21 49.274889 0.242006
22 49.280245 0.241984
23 49.278143 0.242909
24 0.000000 0.000000
25 49.279929 0.246392
26 49.289025 0.239959
27 49.288143 0.241493
28 49.282609 0.244870
29 49.283634 0.242697
30 49.285976 0.241794
31 49.281577 0.244491
32 49.286422 0.242359
33 49.283288 0.243823
34 49.286946 0.242103
35 49.287522 0.241644
36 49.286311 0.242896
37 49.283905 0.244709
38 49.288509 0.244154
39 49.286887 0.246103
40 49.284614 0.270050
41 49.283528 0.243989
42 49.285239 0.246319
43 49.283447 0.245638
44 49.289025 0.241743
45 49.286999 0.244963
46 49.287768 0.242858
47 49.286434 0.245525
48 49.289422 0.242744
49 49.294935 0.243859
50 49.297168 0.242535
51 49.299040 0.240662
52 49.293191 0.249367
53 49.299159 0.242715
54 49.301028 0.244269
55 49.298042 0.244859
56 49.301816 0.243833
57 49.298547 0.242319
58 49.300371 0.242290
59 49.298971 0.247131
60 49.295808 0.245366
61 49.297613 0.244066
62 49.298887 0.244782
63 49.294731 0.243712
64 0.000000 0.000000
65 0.000000 0.000000
66 0.000000 0.000000
67 0.000000 0.000000
68 0.000000 0.000000
69 0.000000 0.000000
70 0.000000 0.000000
71 0.000000 0.000000
72 0.000000 0.000000
73 0.000000 0.000000
74 0.000000 0.000000
75 0.000000 0.000000
76 0.000000 0.000000
77 0.000000 0.000000
78 0.000000 0.000000
79 0.000000 0.000000
80 0.000000 0.000000
81 0.000000 0.000000
82 0.000000 0.000000
83 0.000000 0.000000
84 0.000000 0.000000
85 0.000000 0.000000
86 0.000000 0.000000
87 0.000000 0.000000
88 0.000000 0.000000
89 0.000000 0.000000
90 0.000000 0.000000
91 0.000000 0.000000
92 0.000000 0.000000
93 0.000000 0.000000
94 0.000000 0.000000
95 0.000000 0.000000
96 0.000000 0.000000
97 0.000000 0.000000
98 0.000000 0.000000
99 0.000000 0.000000
100 0.000000 0.000000
101 49.338971 0.242622
102 49.305248 0.245619
103 49.305129 0.246202
104 49.298260 0.243480
105 49.298551 0.239378
106 49.293357 0.237133
107 49.315728 0.244465
108 49.308674 0.245117
109 49.309674 0.247665
110 49.313117 0.245075
111 49.313210 0.248055
112 49.311444 0.246897
113 49.311540 0.247036
114 49.313680 0.249029
115 49.318338 0.249232
116 49.322333 0.246722
117 49.323039 0.244944
118 49.323996 0.247480
119 49.331272 0.246905
120 49.322786 0.248723
121 49.328125 0.247339
122 49.331679 0.246393
123 49.329823 0.247591
124 49.326198 0.247680
125 49.327835 0.246634
126 49.325713 0.248572
127 49.330382 0.248272
128 49.335337 0.247455
129 49.332358 0.247971
130 49.332557 0.247312
131 49.337104 0.245098
132 49.335162 0.248122
133 49.330839 0.248817
134 49.331268 0.250738
135 49.329095 0.250578
136 49.331751 0.248464
137 49.335320 0.248348
138 49.336664 0.246332
139 49.337325 0.240260
140 49.332097 0.247588
141 49.328524 0.243940
142 49.332079 0.246921
143 49.330072 0.248784
144 49.327375 0.248820
145 49.325043 0.249155
146 49.328271 0.238509
147 49.322907 0.248221
148 49.322933 0.250915
149 49.323356 0.249555
150 49.328776 0.250914
151 49.331637 0.250032
