1 49.966339 0.237008
2 49.967813 0.236127
3 49.953787 0.244729
4 49.969550 0.245346
5 49.961119 0.245245
6 49.958151 0.246031
7 49.955771 0.245993
8 49.953721 0.244929
9 49.983228 0.244135
10 49.982510 0.245879
11 49.982916 0.247013
12 49.986322 0.243212
13 49.983367 0.244049
14 49.990195 0.246933
15 49.986883 0.245947
16 49.985204 0.244921
17 49.986701 0.244505
18 49.987215 0.244126
19 49.992629 0.243469
20 49.991197 0.247208
21 49.991862 0.244925
22 49.996399 0.245545
23 49.994970 0.246056
24 0.000000 0.000000
25 49.998109 0.248132
26 50.004098 0.245432
27 50.004177 0.245911
28 50.000851 0.246504
29 50.002247 0.243859
30 50.001457 0.246088
31 50.000056 0.246030
32 50.001547 0.246469
33 49.999002 0.247429
34 50.003283 0.245830
35 50.008415 0.239502
36 50.003154 0.246010
37 50.000388 0.247563
38 50.004906 0.247514
39 50.007215 0.244322
40 50.014346 0.266832
41 50.000407 0.246611
42 50.004635 0.246276
43 50.000859 0.247405
44 50.003751 0.246250
45 50.003771 0.247511
46 50.003981 0.246029
47 50.004561 0.246568
48 50.005577 0.246525
49 50.011101 0.247293
50 50.013500 0.245883
51 50.014927 0.244126
52 50.013230 0.248235
53 50.014167 0.247276
54 50.017586 0.247085
55 50.014293 0.248310
56 50.018044 0.247135
57 50.014267 0.247086
58 50.015358 0.247054
59 50.017765 0.247997
60 50.012900 0.248619
61 50.014036 0.247431
62 50.015170 0.248053
63 50.009856 0.248611
64 0.000000 0.000000
65 0.000000 0.000000
66 0.000000 0.000000
67 0.000000 0.000000
68 0.000000 0.000000
69 0.000000 0.000000
70 0.000000 0.000000
71 0.000000 0.000000
72 0.000000 0.000000
73 0.000000 0.000000
74 0.000000 0.000000
75 0.000000 0.000000
76 0.000000 0.000000
77 0.000000 0.000000
78 0.000000 0.000000
79 0.000000 0.000000
80 0.000000 0.000000
81 0.000000 0.000000
82 0.000000 0.000000
83 0.000000 0.000000
84 0.000000 0.000000
85 0.000000 0.000000
86 0.000000 0.000000
87 0.000000 0.000000
88 0.000000 0.000000
89 0.000000 0.000000
90 0.000000 0.000000
91 0.000000 0.000000
92 0.000000 0.000000
93 0.000000 0.000000
94 0.000000 0.000000
95 0.000000 0.000000
96 0.000000 0.000000
97 0.000000 0.000000
98 0.000000 0.000000
99 0.000000 0.000000
100 0.000000 0.000000
101 50.054195 0.252086
102 50.050745 0.250050
103 50.051290 0.252502
104 50.042777 0.244269
105 50.043328 0.240070
106 50.039432 0.243277
107 50.059022 0.251409
108 50.054690 0.250307
109 50.055554 0.251491
110 50.057410 0.253187
111 50.058725 0.252517
112 50.058043 0.250745
113 50.057241 0.252992
114 50.060799 0.252537
115 50.065081 0.253457
116 50.068636 0.252522
117 50.068828 0.251261
118 50.070072 0.251159
119 50.077545 0.254403
120 50.069404 0.252887
121 50.074186 0.253055
122 50.076614 0.252526
123 50.075399 0.252348
124 50.071813 0.254461
125 50.072855 0.254653
126 50.071033 0.253788
127 50.076625 0.252276
128 50.081627 0.253078
129 50.077577 0.253009
130 50.076935 0.253331
131 50.081577 0.252850
132 50.080526 0.253632
133 50.074883 0.256221
134 50.076491 0.254137
135 50.073973 0.254349
136 50.075175 0.254087
137 50.078490 0.255282
138 50.078421 0.255290
139 50.077756 0.262721
140 50.073719 0.256804
141 50.070890 0.251787
142 50.073608 0.254460
143 50.073486 0.250768
144 50.068953 0.256624
145 50.066353 0.256707
146 50.061966 0.251319
147 50.063506 0.254713
148 50.063314 0.255515
149 50.063712 0.254492
150 50.068577 0.256545
151 50.073338 0.256924
152 0.000000 0.000000
