 2.71212e+01 
-4.99239e-02
-2.00928e+01
-5.03182e-04
 1.25220e+04
 2.95165e+00 
-8.48533e-04
-2.00487e+01
-3.54979e-04
 2.35735e+03
 2.45363e+00 
-4.99588e-04
-2.19654e+01
-2.09441e-04
 8.86016e+03
 2.61712e+01 
-3.87458e-02
-2.03558e+01
-4.01249e-04
 1.36075e+04
 2.56015e+01 
-3.96223e-02
-2.12086e+01
-3.46533e-04
 1.40242e+04
 2.42527e+01 
-4.10319e-02
-2.20296e+01
-2.78840e-04
 1.19046e+04
 1.98267e+00
-2.29226e-04
-2.57373e+01
 8.78412e-05
 1.32689e+04
 1.98267e+00
-2.29226e-04
-2.57373e+01
 8.78412e-05
 1.32689e+04


-6.82804e-01
-1.36836e-04
-2.35884e+01
-1.13861e-04
 1.86614e+04

-1.58874e+05 
-4.61247e+02
-2.08196e+01
-3.67426e-04
 1.30388e+04
-2.85209e+05 
-4.61247e+02
-2.08624e+01
-3.36658e-04
 1.35648e+04
