0 480.000000 10.000000 
1 558.380231 60.194021 
2 479.848736 11.470211 
3 482.322209 10.521226 
4 483.263816 10.150171 
5 483.850761 9.797236 
6 484.687248 10.706762 
7 479.980907 10.371642 
8 480.769434 10.718603 
9 483.711837 9.555786 
10 483.308178 9.782022 
11 478.410426 9.281412 
12 480.852545 9.730386 
13 531.871943 75.079843 
14 528.468118 56.458728 
15 534.502021 58.719788 
16 542.171219 67.477521 
17 482.898140 9.609557 
18 483.989847 10.070490 
19 483.488625 9.990504 
20 482.352295 8.862042 
21 485.132517 9.439210 
22 484.400474 9.364693 
23 481.367486 9.406952 
24 484.363878 9.696825 
25 482.817849 9.483794 
26 482.048044 9.634995 
27 483.089895 9.441313 
28 479.825418 9.712339 
29 480.259753 9.642408 
30 482.670550 8.997156 
31 480.000000 10.000000 
32 478.783016 9.832190 
33 485.283863 8.998983 
34 546.993698 64.006368 
35 480.000000 10.000000 
36 480.000000 10.000000 
37 548.249047 64.870780 
38 482.755894 9.448476 
39 483.086409 8.976469 
40 480.000000 10.000000 
41 480.000000 10.000000 
42 545.863370 66.648341 
43 576.072317 37.036884 
44 482.195737 8.903129 
45 480.000000 10.000000 
46 480.000000 10.000000 
47 480.000000 10.000000 
48 481.068997 8.471313 
49 483.302733 9.554186 
50 539.645587 59.204030 
51 576.199183 0.000256 
52 480.000000 10.000000 
53 480.000000 10.000000 
54 539.332083 65.757826 
55 488.022185 8.978663 
56 483.606350 8.663529 
57 487.790669 8.796153 
58 480.000000 10.000000 
59 480.000000 10.000000 
60 480.000000 10.000000 
61 486.194766 8.471383 
62 486.631280 8.783187 
63 571.928739 52.264339 
64 541.575830 56.759635 
65 480.000000 10.000000 
66 480.000000 10.000000 
67 480.000000 10.000000 
68 548.977101 57.002299 
69 487.547941 8.605355 
70 488.506719 8.525980 
71 488.428205 8.964501 
72 480.000000 10.000000 
73 480.000000 10.000000 
74 480.000000 10.000000 
75 486.490237 9.279192 
76 555.325812 57.748989 
77 553.122651 57.331091 
78 556.108639 55.966686 
79 480.000000 10.000000 
80 480.000000 10.000000 
81 480.000000 10.000000 
82 514.532852 29.194270 
83 487.346910 8.521915 
84 489.133527 9.049376 
85 485.992349 8.470727 
86 480.000000 10.000000 
87 480.000000 10.000000 
88 480.000000 10.000000 
89 551.954527 54.795252 
90 547.933338 54.946446 
91 547.418138 48.228003 
92 485.832432 8.436877 
93 480.000000 10.000000 
94 480.000000 10.000000 
95 551.863355 53.005000 
96 550.995032 52.910049 
97 588.914501 75.164618 
98 556.745143 53.614067 
99 550.318499 50.393989 
100 553.020626 50.714052 
101 555.509447 51.402095 
102 552.980270 51.581305 
103 557.357443 52.957876 
104 555.960262 51.604296 
105 560.544256 54.103719 
106 559.683729 53.801323 
107 560.359738 54.112060 
108 561.482925 54.479652 
109 541.438123 55.185507 
110 582.354616 15.347357 
111 484.796681 8.773395 
112 556.935635 51.063911 
113 562.212858 49.545568 
114 554.629910 51.588668 
115 566.694390 52.763742 
116 581.330838 49.372398 
117 552.544600 51.704407 
118 552.807480 52.537211 
119 555.165685 54.146942 
120 552.926781 50.602301 
121 549.571471 51.029525 
122 552.528612 52.675985 
123 480.000000 10.000000 
124 529.157496 59.015984 
125 487.103732 25.491421 
126 524.857540 56.401694 
127 532.024984 57.452566 
128 480.000000 10.000000 
129 480.000000 10.000000 
130 480.000000 10.000000 
131 480.000000 10.000000 
132 480.000000 10.000000 
133 480.000000 10.000000 
134 480.000000 10.000000 
135 480.000000 10.000000 
136 480.000000 10.000000 
137 480.000000 10.000000 
138 480.000000 10.000000 
139 480.000000 10.000000 
140 480.000000 10.000000 
141 480.000000 10.000000 
142 511.295373 50.656026 
143 477.340909 10.137789 
144 528.970960 54.709250 
145 531.558007 54.748217 
146 480.000000 10.000000 
147 480.000000 10.000000 
148 480.000000 10.000000 
149 480.000000 10.000000 
