0 50.000000 10.000000 
1 58.819876 13.256114 
2 53.619374 10.640846 
3 46.293024 9.747623 
4 50.350243 9.749133 
5 48.083131 9.495473 
6 52.196113 12.248474 
7 51.798106 10.275034 
8 54.611905 12.107288 
9 50.205960 10.598518 
10 51.820065 10.011162 
11 53.552397 10.839229 
12 48.684043 10.182364 
13 50.756178 9.731261 
14 54.576110 11.788023 
15 51.776295 11.911985 
16 50.870618 9.506741 
17 49.341323 10.548845 
18 49.119924 9.545096 
19 49.189050 11.413149 
20 49.548518 10.067564 
21 52.002346 11.277580 
22 51.049667 10.405552 
23 48.812013 10.694246 
24 51.115877 9.551498 
25 47.591866 8.979236 
26 48.504588 10.392644 
27 50.512332 9.994243 
28 49.121658 9.829528 
29 52.243245 12.640792 
30 49.758462 10.341425 
31 50.000000 10.000000 
32 49.491361 11.394434 
33 50.733228 9.530303 
34 49.550010 9.362209 
35 50.000000 10.000000 
36 50.000000 10.000000 
37 50.422350 10.019629 
38 50.656986 11.636941 
39 49.072707 9.949182 
40 50.000000 10.000000 
41 50.000000 10.000000 
42 58.624250 10.322517 
43 51.768145 9.831749 
44 51.574161 10.675516 
45 50.000000 10.000000 
46 50.000000 10.000000 
47 50.000000 10.000000 
48 50.152872 10.840193 
49 49.647598 10.561147 
50 46.788096 10.035063 
51 53.352387 12.436995 
52 50.000000 10.000000 
53 50.000000 10.000000 
54 49.454732 10.169300 
55 50.880663 8.790426 
56 50.184763 8.992965 
57 48.812656 8.458143 
58 50.000000 10.000000 
59 50.000000 10.000000 
60 50.000000 10.000000 
61 47.524150 9.420068 
62 49.241823 10.213071 
63 50.934263 9.411546 
64 49.767743 10.174145 
65 50.000000 10.000000 
66 50.000000 10.000000 
67 50.000000 10.000000 
68 48.801072 9.823840 
69 48.359326 9.300733 
70 48.093899 9.901939 
71 49.005693 10.403666 
72 50.000000 10.000000 
73 50.000000 10.000000 
74 50.000000 10.000000 
75 48.639108 10.289254 
76 49.042736 9.945313 
77 48.496355 10.987398 
78 47.452826 9.527243 
79 50.000000 10.000000 
80 50.000000 10.000000 
81 50.000000 10.000000 
82 47.246366 9.739925 
83 47.904319 10.042705 
84 46.534510 9.885843 
85 47.930064 9.459587 
86 50.000000 10.000000 
87 50.000000 10.000000 
88 50.000000 10.000000 
89 46.987821 10.155260 
90 48.227823 9.921558 
91 47.530254 10.113808 
92 47.326870 9.246782 
93 50.000000 10.000000 
94 50.000000 10.000000 
95 47.933257 9.504123 
96 47.036199 10.015501 
97 47.508487 9.832905 
98 47.502385 8.904524 
99 47.466321 9.619120 
100 47.223859 9.590421 
101 48.685237 8.939637 
102 47.672641 9.087978 
103 46.543126 9.618617 
104 47.102988 9.851756 
105 46.838446 9.496393 
106 47.410673 9.785466 
107 47.010124 9.311429 
108 46.629913 8.924098 
109 44.406081 9.380199 
110 47.063326 10.546768 
111 46.461333 9.420026 
112 46.801792 10.388121 
113 47.602906 9.980128 
114 47.510642 9.898491 
115 55.395690 9.310715 
116 48.480554 9.825586 
117 48.388611 9.322677 
118 49.191339 9.828282 
119 48.138910 9.889378 
120 48.838269 9.820008 
121 48.811163 9.991171 
122 48.361339 9.173465 
123 50.000000 10.000000 
124 5.39      10.600000 
125 -15.1     10.0 
126 18.8      10.7
127 8.4	      11.0
128 50.000000 10.000000 
129 50.000000 10.000000 
130 50.000000 10.000000 
131 50.000000 10.000000 
132 50.000000 10.000000 
133 50.000000 10.000000 
134 50.000000 10.000000 
135 50.000000 10.000000 
136 50.000000 10.000000 
137 50.000000 10.000000 
138 50.000000 10.000000 
139 50.000000 10.000000 
140 50.000000 10.000000 
141 50.000000 10.000000 
142 -18.3     10.9
143 -9.9      10.2
144 14.6      10.7
145 -27.      10.8
146 50.000000 10.000000 
147 50.000000 10.000000 
148 50.000000 10.000000 
149 50.000000 10.000000 
