7.79904e-05
-5.32246e-05
8.46533e-05
1.77495e-06
0.000196809
9.00968e-05
0
0
0
0
0
0
6.69640e-05
-2.46919e-05
6.71111e-05
-4.43028e-06
3.34137e-04
-8.80534e-05
0

0		0		0
0		0		0
0		0		0
0		0		0	
0		0		0
0		0		0	
0		0		0
0		0		0
0		0		0

-2.72908e+00	6.87043e-05	0.
8.57980e-01	-8.42508e-05	0.
-8.23963e+00	-3.24000e-05	0.
-4.17234e+03	5.55155e-08	0.
1.09893e+01	6.43259e-05	0.
1.08085e+01	1.85460e-05	0.
3.32373e+00	4.79617e-03	0.

#-158.3441	 8.6e-4
0		0		0
0		0		0
0		0		0
0		0		0	
0		0		0
0		0		0	
0		0		0
0		0		0
0		0		0

#-158.3441	 8.1e-4
-2.72908e+00	6.87043e-05	0
8.57980e-01	-8.42508e-05	0
-8.23963e+00	-3.24000e-05	0
-4.17234e+03	5.55155e-08	0
1.09893e+01	6.43259e-05	0
1.08085e+01	1.85460e-05	0
3.32373e+00	4.79617e-03	0
