9 2.639876 0.002338 
10 2.639962 0.002355 
11 2.639889 0.002395 
12 2.639612 0.002438 
13 2.639669 0.002442 
14 2.639798 0.002477 
15 2.639693 0.002500 
16 2.639734 0.002468 
17 2.639875 0.002461 
18 2.639759 0.002503 
19 2.639704 0.002427 
20 2.639793 0.002598 
21 2.639765 0.002486 
22 2.639678 0.002568 
23 2.639824 0.002500 
24 2.645000 0.005000 
25 2.639548 0.002572 
26 2.639619 0.002603 
27 2.639716 0.002558 
28 2.639821 0.002549 
29 2.639659 0.002645 
30 2.639685 0.002579 
31 2.639773 0.002588 
32 2.639811 0.002699 
33 2.640054 0.002519 
34 2.640182 0.002543 
35 2.640234 0.002451 
36 2.640096 0.002567 
37 2.640092 0.002587 
38 2.640078 0.002586 
39 2.640130 0.002581 
40 2.640151 0.002387 
41 2.640070 0.002657 
42 2.640045 0.002547 
43 2.639985 0.002620 
44 2.640112 0.002637 
45 2.640137 0.002588 
46 2.640194 0.002652 
47 2.640122 0.002688 
48 2.639956 0.002697 
49 2.640095 0.002669 
50 2.640088 0.002643 
51 2.640018 0.002729 
52 2.640012 0.002696 
53 2.639880 0.002746 
54 2.639878 0.002743 
55 2.639920 0.002747 
56 2.639662 0.002783 
57 2.639820 0.002794 
58 2.639977 0.002800 
59 2.639469 0.002806 
60 2.639762 0.002883 
61 2.639840 0.002843 
62 2.639835 0.002853 
63 2.640133 0.002849 
