9 2.640072 0.002200 
10 2.639937 0.002189 
11 2.640214 0.002228 
12 2.639753 0.002212 
13 2.639904 0.002222 
14 2.640024 0.002205 
15 2.639858 0.002238 
16 2.639954 0.002188 
17 2.640045 0.002190 
18 2.640002 0.002200 
19 2.639854 0.002201 
20 2.640382 0.002252 
21 2.639945 0.002212 
22 2.639948 0.002182 
23 2.639927 0.002211 
24 2.640000 0.002000 
25 2.639725 0.002174 
26 2.639795 0.002198 
27 2.640032 0.002199 
28 2.639903 0.002220 
29 2.640000 0.002198 
30 2.639787 0.002186 
31 2.640020 0.002223 
32 2.640052 0.002215 
33 2.640155 0.002242 
34 2.640400 0.002198 
35 2.640417 0.002101 
36 2.640355 0.002180 
37 2.640327 0.002266 
38 2.640253 0.002222 
39 2.640386 0.002210 
40 2.640428 0.001833 
41 2.640304 0.002228 
42 2.640158 0.002210 
43 2.640119 0.002238 
44 2.640215 0.002250 
45 2.640210 0.002225 
46 2.640371 0.002237 
47 2.640086 0.002246 
48 2.640238 0.002241 
49 2.640239 0.002253 
50 2.640172 0.002270 
51 2.640324 0.002285 
52 2.640254 0.002256 
53 2.640257 0.002310 
54 2.640112 0.002127 
55 2.640075 0.002078 
56 2.639861 0.002192 
57 2.639943 0.002068 
58 2.640153 0.001941 
59 2.639470 0.002043 
60 2.640573 0.000001 
61 2.650051 0.002000 
62 2.640000 0.002000 
63 2.635644 0.001043 
