9 49.984601 0.257381 
10 49.989320 0.257443 
11 49.987395 0.256346 
12 49.987975 0.256779 
13 49.988624 0.255400 
14 49.994311 0.257177 
15 49.990067 0.256589 
16 49.992123 0.256018 
17 49.990066 0.256868 
18 49.989903 0.254683 
19 49.999244 0.255728 
20 49.993548 0.254783 
21 49.995305 0.256738 
22 50.000903 0.258358 
23 50.001933 0.256555 
24 50.000000 0.500000 
25 50.003175 0.260257 
26 50.006540 0.256650 
27 50.010375 0.255869 
28 50.006942 0.257065 
29 50.004515 0.255551 
30 50.009708 0.257290 
31 50.006897 0.257417 
32 50.005093 0.257639 
33 50.000334 0.258546 
34 50.007471 0.258993 
35 50.009102 0.253036 
36 50.008201 0.258132 
37 50.004470 0.260016 
38 50.009831 0.256828 
39 50.014829 0.258126 
40 50.035823 0.252859 
41 50.007913 0.257978 
42 50.009056 0.256520 
43 50.009862 0.259121 
44 50.009101 0.258292 
45 50.010325 0.256739 
46 50.009695 0.258358 
47 50.013975 0.259406 
48 50.015159 0.257785 
49 50.015013 0.258705 
50 50.021005 0.256929 
51 50.017509 0.258586 
52 50.020221 0.260782 
53 50.028002 0.259186 
54 50.025135 0.251064 
55 50.025599 0.253914 
56 50.024115 0.257842 
57 50.021624 0.257775 
58 50.033207 0.244657 
59 50.030796 0.247484 
60 50.076418 0.218908 
61 50.872433 0.201180 
62 50.688066 0.099842 
63 50.958439 0.201728 
