9 49.975527 0.257725 
10 49.975036 0.257589 
11 49.975459 0.257581 
12 49.977020 0.257472 
13 49.975343 0.257211 
14 49.981349 0.257918 
15 49.977382 0.256615 
16 49.978333 0.256934 
17 49.978300 0.257225 
18 49.978308 0.256724 
19 49.986218 0.256644 
20 49.983383 0.257497 
21 49.983660 0.257123 
22 49.987717 0.258154 
23 49.986387 0.257369 
24 50.000000 0.200000 
25 49.990276 0.260007 
26 49.996212 0.258000 
27 49.997326 0.258523 
28 49.992734 0.258291 
29 49.993638 0.257297 
30 49.994836 0.258849 
31 49.994593 0.258806 
32 49.996290 0.259019 
33 49.995272 0.259138 
34 49.999136 0.258736 
35 49.997929 0.258170 
36 49.998196 0.259531 
37 49.996769 0.259180 
38 50.000060 0.259204 
39 50.005502 0.258865 
40 50.022617 0.256974 
41 49.998152 0.260056 
42 49.999663 0.258198 
43 49.997350 0.259638 
44 50.001978 0.258919 
45 50.002465 0.259197 
46 50.002715 0.259217 
47 50.004359 0.259043 
48 50.006345 0.259462 
49 50.009556 0.259321 
50 50.012635 0.259252 
51 50.012450 0.259270 
52 50.014368 0.261030 
53 50.015387 0.260500 
54 50.019406 0.260541 
55 50.018017 0.261223 
56 50.019788 0.261350 
57 50.018348 0.260940 
58 50.018781 0.260574 
59 50.022979 0.262756 
60 50.018795 0.261528 
61 50.018946 0.261097 
62 50.022002 0.262229 
63 50.016795 0.261175 
