0 964.5
9 951.942104
10 954.661243
11 951.444588
12 951.445460
13 953.136370
14 961.777158
15 955.053570
16 955.795699
17 957.823003
17 957.823003
18 958.217660
19 963.593000
20 970.160061
21 963.174577
22 965.213738
23 967.112574
25 971.985669
26 979.092782
27 976.172130
27 976.172130
28 976.772115
29 979.350559
30 979.709345
31 983.059952
32 1008.184678
33 992.362356
34 993.308098
35 994.887247
36 997.459814
36 997.459814
37 999.699113
37 999.699113
38 1001.294071
39 1003.078604
40 1001.302416
40 1001.302416
41 1005.415444
42 1010.398227
43 1007.755087
44 1008.318079
44 1008.318079
45 1010.141596
46 1013.021866
46 1013.021866
47 1013.142172
47 1013.142172
48 1017.761529
49 1018.005835
50 1018.424918
50 1018.424918
51 1020.611107
51 1020.611107
52 1021.208266
52 1021.208266
53 1022.780583
54 1022.800677
55 1023.925727
56 1024.594047
56 1024.594047
57 1025.353360
58 1027.291117
58 1027.291117
59 1030.014879
60 1029.294208
61 1029.737431
62 1031.665872
63 1033.704445
