9 2.649375 0.004856 
10 2.649456 0.004844 
11 2.649454 0.004883 
12 2.649100 0.004892 
13 2.649177 0.004931 
14 2.649259 0.004893 
15 2.649179 0.004843 
16 2.649194 0.004843 
17 2.649362 0.004800 
18 2.649196 0.004849 
19 2.649283 0.004775 
20 2.649328 0.004886 
21 2.649281 0.004817 
22 2.649260 0.004847 
23 2.649381 0.004827 
24 2.645000 0.005000 
25 2.649251 0.004802 
26 2.649409 0.004850 
27 2.649409 0.004833 
28 2.649496 0.004816 
29 2.649369 0.004868 
30 2.649392 0.004836 
31 2.649440 0.004794 
32 2.650769 0.004952 
33 2.650882 0.004903 
34 2.651004 0.004903 
35 2.651027 0.004714 
36 2.650936 0.004893 
37 2.650997 0.004888 
38 2.650974 0.004904 
39 2.651030 0.004829 
40 2.651065 0.004963 
41 2.650861 0.004856 
42 2.650759 0.004864 
43 2.650830 0.004903 
44 2.650940 0.004888 
45 2.650918 0.004878 
46 2.651088 0.004911 
47 2.650933 0.004925 
48 2.650798 0.004909 
49 2.651002 0.004899 
50 2.650850 0.004886 
51 2.650923 0.004875 
52 2.651000 0.004937 
53 2.650746 0.004975 
54 2.650722 0.004945 
55 2.650726 0.004926 
56 2.650324 0.004945 
57 2.650471 0.004975 
58 2.650660 0.005015 
59 2.650179 0.004931 
60 2.650414 0.005034 
61 2.650412 0.004967 
62 2.650405 0.004983 
63 2.650666 0.005011 
