9 949.000000
10 949.000000
11 949.000000
12 951.000000
13 953.000000
14 955.000000
15 955.000000
16 955.000000
17 957.000000
18 959.000000
19 961.000000
20 967.000000
21 963.000000
22 967.000000
23 967.000000
25 971.000000
26 977.000000
27 975.000000
28 975.000000
29 981.000000
30 981.000000
31 983.000000
32 1001.000000
33 991.000000
34 993.000000
35 993.000000
36 997.000000
37 999.000000
38 1001.000000
39 1003.000000
40 1005.000000
41 1005.000000
42 1007.000000
43 1007.000000
44 1009.000000
45 1009.000000
46 1013.000000
47 1015.000000
48 1017.000000
49 1017.000000
50 1017.000000
51 1021.000000
52 1021.000000
53 1023.000000
54 1023.000000
55 1023.000000
56 1025.000000
57 1027.000000
58 1027.000000
59 1027.000000
60 1031.000000
61 1029.000000
62 1031.000000
63 1033.000000
   
