9 2.637981 0.002064 
10 2.638021 0.002076 
11 2.638082 0.002095 
12 2.638097 0.002090 
13 2.638109 0.002085 
14 2.638117 0.002089 
15 2.638180 0.002107 
16 2.638187 0.002113 
17 2.638247 0.002132 
18 2.638229 0.002116 
19 2.638365 0.002126 
20 2.638261 0.002120 
21 2.638407 0.002147 
22 2.638482 0.002174 
23 2.638539 0.002176 
24 2.640000 0.002000 
25 2.638728 0.002228 
26 2.638705 0.002230 
27 2.638735 0.002243 
28 2.638869 0.002279 
29 2.638912 0.002309 
30 2.639012 0.002335 
31 2.639003 0.002326 
32 2.639893 0.002269 
33 2.639959 0.002303 
34 2.640011 0.002331 
35 2.640086 0.002317 
36 2.640189 0.002380 
37 2.640275 0.002430 
38 2.640337 0.002469 
39 2.640417 0.002488 
40 2.640481 0.002365 
41 2.640384 0.002528 
42 2.640377 0.002525 
43 2.640415 0.002552 
44 2.640531 0.002578 
45 2.640564 0.002601 
46 2.640682 0.002639 
47 2.640720 0.002664 
48 2.640747 0.002691 
49 2.640806 0.002736 
50 2.640800 0.002797 
51 2.640835 0.002806 
52 2.640901 0.002815 
53 2.640790 0.002860 
54 2.640958 0.002814 
55 2.641038 0.002855 
56 2.641090 0.002810 
57 2.640752 0.003088 
58 2.640685 0.003026 
59 2.640798 0.003052 
60 2.640918 0.003039 
61 2.641950 0.000533 
62 2.639900 0.000283 
63 2.641806 0.000183 
