9 2.640026 0.001207 
10 2.640063 0.001215 
11 2.640104 0.001226 
12 2.640139 0.001230 
13 2.640182 0.001237 
14 2.640218 0.001250 
15 2.640258 0.001254 
16 2.640295 0.001272 
17 2.640339 0.001283 
18 2.640377 0.001293 
19 2.640437 0.001295 
20 2.640458 0.001314 
21 2.640520 0.001337 
22 2.640586 0.001365 
23 2.640617 0.001387 
24 2.645000 0.005000 
25 2.640729 0.001434 
26 2.640767 0.001460 
27 2.640833 0.001481 
28 2.640898 0.001513 
29 2.640965 0.001539 
30 2.641038 0.001573 
31 2.641081 0.001601 
32 2.641242 0.001635 
33 2.641287 0.001672 
34 2.641361 0.001709 
35 2.641379 0.001740 
36 2.641539 0.001788 
37 2.641602 0.001822 
38 2.641672 0.001861 
39 2.641711 0.001883 
40 2.641717 0.001867 
41 2.641764 0.001914 
42 2.641763 0.001889 
43 2.641811 0.001946 
44 2.641877 0.001979 
45 2.641922 0.002007 
46 2.641968 0.002042 
47 2.641999 0.002057 
48 2.642047 0.002093 
49 2.642067 0.002110 
50 2.642069 0.002138 
51 2.642040 0.002146 
52 2.642065 0.002172 
53 2.642011 0.002201 
54 2.642032 0.002223 
55 2.642056 0.002242 
56 2.642066 0.002251 
57 2.642060 0.002270 
58 2.642071 0.002279 
59 2.642104 0.002316 
60 2.642101 0.002305 
61 2.642115 0.002323 
62 2.642147 0.002355 
63 2.642169 0.002375 
