9 51.803499 0.319656 
10 51.845034 0.323016 
11 51.847934 0.320707 
12 51.861509 0.313956 
13 51.909579 0.316317 
14 52.004088 0.329922 
15 51.996558 0.317947 
16 52.035770 0.318762 
17 52.076263 0.315151 
18 52.137598 0.313920 
19 52.261625 0.316384 
20 52.299466 0.329569 
21 52.300543 0.314677 
22 52.368374 0.310847 
23 52.449727 0.312896 
24 50.000000 0.200000 
25 52.536681 0.314279 
26 52.662160 0.317287 
27 52.703706 0.311846 
28 52.771610 0.308620 
29 52.832756 0.310394 
30 52.891508 0.310213 
31 52.957496 0.308559 
32 53.340646 0.380214 
33 53.258828 0.319715 
34 53.316067 0.312237 
35 53.352679 0.294551 
36 53.458193 0.311139 
37 53.528150 0.308956 
38 53.595641 0.308505 
39 53.630287 0.311165 
40 53.572702 0.374867 
41 53.706874 0.301425 
42 53.839033 0.299422 
43 53.773853 0.309808 
44 53.841250 0.309436 
45 53.907056 0.306671 
46 53.980549 0.306330 
47 54.030418 0.305682 
48 54.088403 0.303349 
49 54.145566 0.303869 
50 54.188632 0.303879 
51 54.217218 0.297652 
52 54.247087 0.298769 
53 54.290143 0.301169 
54 54.299843 0.302270 
55 54.340433 0.299977 
56 54.373685 0.297976 
57 54.402836 0.297815 
58 54.443931 0.297385 
59 54.469592 0.308933 
60 54.501199 0.300798 
61 54.546483 0.306064 
62 54.602990 0.309068 
63 54.680948 0.315894 
