9 2.640126 0.002435 
10 2.640210 0.002445 
11 2.640172 0.002457 
12 2.639908 0.002442 
13 2.639985 0.002467 
14 2.640080 0.002463 
15 2.639980 0.002462 
16 2.640023 0.002443 
17 2.640162 0.002463 
18 2.640059 0.002454 
19 2.640055 0.002415 
20 2.640149 0.002473 
21 2.640078 0.002447 
22 2.640054 0.002457 
23 2.640159 0.002442 
24 2.645000 0.005000 
25 2.639981 0.002434 
26 2.640091 0.002457 
27 2.640118 0.002448 
28 2.640192 0.002452 
29 2.640103 0.002471 
30 2.640103 0.002450 
31 2.640176 0.002451 
32 2.640663 0.002497 
33 2.640787 0.002477 
34 2.640894 0.002458 
35 2.640900 0.002453 
36 2.640836 0.002469 
37 2.640861 0.002470 
38 2.640849 0.002482 
39 2.640898 0.002462 
40 2.640755 0.002290 
41 2.640851 0.002436 
42 2.640749 0.002467 
43 2.640754 0.002469 
44 2.640858 0.002475 
45 2.640864 0.002471 
46 2.640969 0.002496 
47 2.640868 0.002482 
48 2.640750 0.002488 
49 2.640887 0.002480 
50 2.640821 0.002474 
51 2.640826 0.002479 
52 2.640857 0.002506 
53 2.640688 0.002518 
54 2.640696 0.002508 
55 2.640709 0.002494 
56 2.640442 0.002494 
57 2.640589 0.002528 
58 2.640718 0.002519 
59 2.640310 0.002506 
60 2.640550 0.002544 
61 2.640565 0.002521 
62 2.640566 0.002520 
63 2.640808 0.002534 
