9 49.539667 0.305326 
10 49.579747 0.313979 
11 49.545974 0.310698 
12 49.573846 0.309394 
13 49.610987 0.306950 
14 49.776975 0.329087 
15 49.708656 0.312335 
16 49.727572 0.312605 
17 49.783676 0.310982 
18 49.829552 0.308073 
19 49.966762 0.311207 
20 50.097097 0.314618 
21 49.976489 0.307190 
22 50.045106 0.300792 
23 50.119199 0.309036 
24 50.000000 0.500000 
25 50.235389 0.311887 
26 50.404043 0.313975 
27 50.380463 0.305772 
28 50.430861 0.302864 
29 50.505291 0.305597 
30 50.544549 0.299305 
31 50.621704 0.300041 
32 51.256532 0.374195 
33 50.903481 0.313677 
34 50.956350 0.306980 
35 51.015332 0.289699 
36 51.093046 0.305699 
37 51.167725 0.298458 
38 51.224862 0.297597 
39 51.281870 0.301167 
40 51.279900 0.251870 
41 51.357608 0.293118 
42 51.487833 0.295105 
43 51.412216 0.301099 
44 51.460435 0.302986 
45 51.520684 0.296079 
46 51.592053 0.293148 
47 51.638385 0.295715 
48 51.718817 0.294771 
49 51.750116 0.299849 
50 51.793548 0.295255 
51 51.845436 0.298912 
52 51.873583 0.297318 
53 51.928823 0.294498 
54 51.929755 0.290080 
55 51.986638 0.289810 
56 52.016990 0.273488 
57 52.805596 0.013993 
58 49.936655 0.008065 
59 50.209491 0.029333 
60 49.870671 0.093580 
61 50.000000 0.500000 
62 50.000000 0.500000 
63 50.000101 0.500027 
