101 1077.000000
102 1079.000000
103 1077.000000
104 1171.000000
105 1173.000000
106 1169.000000
107 1139.000000
108 1121.000000
109 1115.000000
110 1115.000000
111 1115.000000
112 1115.000000
113 1115.000000
114 1115.000000
115 1115.000000
116 1117.000000
117 1117.000000
118 1117.000000
119 1117.000000
120 1117.000000
121 1117.000000
122 1119.000000
123 1119.000000
124 1117.000000
125 1117.000000
126 1117.000000
127 1117.000000
128 1119.000000
129 1117.000000
130 1119.000000
131 1119.000000
132 1119.000000
133 1119.000000
134 1119.000000
135 1121.000000
136 1121.000000
137 1123.000000
138 1123.000000
139 1149.000000
140 1141.000000
141 1133.000000
142 1133.000000
143 1129.000000
144 1131.000000
145 1129.000000
146 1133.000000
147 1131.000000
148 1133.000000
149 1135.000000
150 1135.000000
151 1137.000000
   
